0 20 40 60
0 20 40 60
0 10 20 30
0 10 20 30
0 10 20 30
0 10 20 30
-1000 -1000 -1000 -1000 -1000 -1000 -1000 -1000 -1000 -1000 -1000 -1000 -1000 -1000 -1000 -1000 -1000 -1000 -1000 -1000 -1000 -1000 -1000 -1000 -1000 -1000 -1000 -1000 -1000 -1000 -1000 -1000 -1000 -1000 -1000 -1000 -1000 -1000 -1000 -1000 -1000 -1000 -1000 -1000 -1000 -1000 -1000 -1000 -1000 -1000 -1000 -1000 -1000 -1000 -1000 -1000 -1000 -1000 -1000 -1000 -1000 -1000 

-1000  28.8  28.3  27.7  27.0  26.1  25.2  24.3  23.4  22.5  21.5  20.6  19.6  18.6  17.6  16.7  15.7  14.7  13.7  12.7  11.7  10.7   9.7   8.8   7.8   6.8   5.8   4.8   3.8   2.8   1.8   1.8   2.8   3.8   4.8   5.8   6.8   7.8   8.8   9.7  10.7  11.7  12.7  13.7  14.7  15.7  16.7  17.6  18.6  19.6  20.6  21.5  22.5  23.4  24.3  25.2  26.1  27.0  27.7  28.3  28.8 -1000 

-1000  29.7  29.1  28.3  27.5  26.6  25.6  24.7  23.7  22.7  21.8  20.8  19.8  18.8  17.8  16.8  15.8  14.8  13.8  12.8  11.9  10.9   9.9   8.9   7.9   6.9   5.9   4.9   3.9   2.9   1.9   1.9   2.9   3.9   4.9   5.9   6.9   7.9   8.9   9.9  10.9  11.9  12.8  13.8  14.8  15.8  16.8  17.8  18.8  19.8  20.8  21.8  22.7  23.7  24.7  25.6  26.6  27.5  28.3  29.1  29.7 -1000 

-1000  30.5  29.7  28.8  27.8  26.9  25.9  24.9  23.9  22.9  21.9  20.9  19.9  18.9  17.9  16.9  15.9  14.9  13.9  12.9  11.9  10.9   9.9   8.9   7.9   6.9   5.9   4.9   3.9   2.9   1.9   1.9   2.9   3.9   4.9   5.9   6.9   7.9   8.9   9.9  10.9  11.9  12.9  13.9  14.9  15.9  16.9  17.9  18.9  19.9  20.9  21.9  22.9  23.9  24.9  25.9  26.9  27.8  28.8  29.7  30.5 -1000 

 32.0  31.0  30.0  29.0  28.0  27.0  26.0  25.0  24.0  23.0  22.0  21.0  20.0  19.0  18.0  17.0  16.0  15.0  14.0  13.0  12.0  11.0  10.0   9.0   8.0   7.0   6.0   5.0   4.0   3.0   2.0   2.0   3.0   4.0   5.0   6.0   7.0   8.0   9.0  10.0  11.0  12.0  13.0  14.0  15.0  16.0  17.0  18.0  19.0  20.0  21.0  22.0  23.0  24.0  25.0  26.0  27.0  28.0  29.0  30.0  31.0  32.0 

-1000  30.5  29.7  28.8  27.8  26.9  25.9  24.9  23.9  22.9  21.9  20.9  19.9  18.9  17.9  16.9  15.9  14.9  13.9  12.9  11.9  10.9   9.9   8.9   7.9   6.9   5.9   4.9   3.9   2.9   1.9   1.9   2.9   3.9   4.9   5.9   6.9   7.9   8.9   9.9  10.9  11.9  12.9  13.9  14.9  15.9  16.9  17.9  18.9  19.9  20.9  21.9  22.9  23.9  24.9  25.9  26.9  27.8  28.8  29.7  30.5 -1000 

-1000  29.7  29.1  28.3  27.5  26.6  25.6  24.7  23.7  22.7  21.8  20.8  19.8  18.8  17.8  16.8  15.8  14.8  13.8  12.8  11.9  10.9   9.9   8.9   7.9   6.9   5.9   4.9   3.9   2.9   1.9   1.9   2.9   3.9   4.9   5.9   6.9   7.9   8.9   9.9  10.9  11.9  12.8  13.8  14.8  15.8  16.8  17.8  18.8  19.8  20.8  21.8  22.7  23.7  24.7  25.6  26.6  27.5  28.3  29.1  29.7 -1000 

-1000  28.8  28.3  27.7  27.0  26.1  25.2  24.3  23.4  22.5  21.5  20.6  19.6  18.6  17.6  16.7  15.7  14.7  13.7  12.7  11.7  10.7   9.7   8.8   7.8   6.8   5.8   4.8   3.8   2.8   1.8   1.8   2.8   3.8   4.8   5.8   6.8   7.8   8.8   9.7  10.7  11.7  12.7  13.7  14.7  15.7  16.7  17.6  18.6  19.6  20.6  21.5  22.5  23.4  24.3  25.2  26.1  27.0  27.7  28.3  28.8 -1000 

-1000  27.8  27.5  27.0  26.3  25.5  24.7  23.9  23.0  22.1  21.2  20.2  19.3  18.4  17.4  16.4  15.5  14.5  13.5  12.5  11.6  10.6   9.6   8.6   7.6   6.6   5.6   4.7   3.7   2.7   1.7   1.7   2.7   3.7   4.7   5.6   6.6   7.6   8.6   9.6  10.6  11.6  12.5  13.5  14.5  15.5  16.4  17.4  18.4  19.3  20.2  21.2  22.1  23.0  23.9  24.7  25.5  26.3  27.0  27.5  27.8 -1000 

-1000  26.9  26.6  26.1  25.5  24.9  24.1  23.4  22.5  21.7  20.8  19.9  19.0  18.0  17.1  16.1  15.2  14.2  13.3  12.3  11.3  10.4   9.4   8.4   7.4   6.5   5.5   4.5   3.5   2.5   1.5   1.5   2.5   3.5   4.5   5.5   6.5   7.4   8.4   9.4  10.4  11.3  12.3  13.3  14.2  15.2  16.1  17.1  18.0  19.0  19.9  20.8  21.7  22.5  23.4  24.1  24.9  25.5  26.1  26.6  26.9 -1000 

-1000  25.9  25.6  25.2  24.7  24.1  23.5  22.7  22.0  21.1  20.3  19.4  18.5  17.6  16.7  15.8  14.9  13.9  13.0  12.0  11.1  10.1   9.1   8.2   7.2   6.2   5.3   4.3   3.3   2.3   1.4   1.4   2.3   3.3   4.3   5.3   6.2   7.2   8.2   9.1  10.1  11.1  12.0  13.0  13.9  14.9  15.8  16.7  17.6  18.5  19.4  20.3  21.1  22.0  22.7  23.5  24.1  24.7  25.2  25.6  25.9 -1000 

-1000  24.9  24.7  24.3  23.9  23.4  22.7  22.1  21.3  20.6  19.7  18.9  18.1  17.2  16.3  15.4  14.5  13.6  12.6  11.7  10.8   9.8   8.9   7.9   7.0   6.0   5.0   4.1   3.1   2.1   1.1   1.1   2.1   3.1   4.1   5.0   6.0   7.0   7.9   8.9   9.8  10.8  11.7  12.6  13.6  14.5  15.4  16.3  17.2  18.1  18.9  19.7  20.6  21.3  22.1  22.7  23.4  23.9  24.3  24.7  24.9 -1000 

-1000  23.9  23.7  23.4  23.0  22.5  22.0  21.3  20.6  19.9  19.1  18.4  17.5  16.7  15.8  15.0  14.1  13.2  12.3  11.3  10.4   9.5   8.5   7.6   6.7   5.7   4.8   3.8   2.8   1.9   0.9   0.9   1.9   2.8   3.8   4.8   5.7   6.7   7.6   8.5   9.5  10.4  11.3  12.3  13.2  14.1  15.0  15.8  16.7  17.5  18.4  19.1  19.9  20.6  21.3  22.0  22.5  23.0  23.4  23.7  23.9 -1000 

-1000  22.9  22.7  22.5  22.1  21.7  21.1  20.6  19.9  19.2  18.5  17.7  17.0  16.1  15.3  14.5  13.6  12.7  11.8  10.9  10.0   9.1   8.2   7.3   6.3   5.4   4.4   3.5   2.5   1.6   0.6   0.6   1.6   2.5   3.5   4.4   5.4   6.3   7.3   8.2   9.1  10.0  10.9  11.8  12.7  13.6  14.5  15.3  16.1  17.0  17.7  18.5  19.2  19.9  20.6  21.1  21.7  22.1  22.5  22.7  22.9 -1000 

-1000  21.9  21.8  21.5  21.2  20.8  20.3  19.7  19.1  18.5  17.8  17.1  16.3  15.6  14.7  13.9  13.1  12.2  11.4  10.5   9.6   8.7   7.8   6.9   6.0   5.0   4.1   3.2   2.2   1.3   0.3   0.3   1.3   2.2   3.2   4.1   5.0   6.0   6.9   7.8   8.7   9.6  10.5  11.4  12.2  13.1  13.9  14.7  15.6  16.3  17.1  17.8  18.5  19.1  19.7  20.3  20.8  21.2  21.5  21.8  21.9 -1000 

-1000  20.9  20.8  20.6  20.2  19.9  19.4  18.9  18.4  17.7  17.1  16.4  15.7  14.9  14.1  13.4  12.5  11.7  10.9  10.0   9.1   8.2   7.4   6.5   5.6   4.6   3.7   2.8   1.9   0.9   0.0   0.0   0.9   1.9   2.8   3.7   4.6   5.6   6.5   7.4   8.2   9.1  10.0  10.9  11.7  12.5  13.4  14.1  14.9  15.7  16.4  17.1  17.7  18.4  18.9  19.4  19.9  20.2  20.6  20.8  20.9 -1000 

-1000  20.9  20.8  20.6  20.2  19.9  19.4  18.9  18.4  17.7  17.1  16.4  15.7  14.9  14.1  13.4  12.5  11.7  10.9  10.0   9.1   8.2   7.4   6.5   5.6   4.6   3.7   2.8   1.9   0.9   0.0   0.0   0.9   1.9   2.8   3.7   4.6   5.6   6.5   7.4   8.2   9.1  10.0  10.9  11.7  12.5  13.4  14.1  14.9  15.7  16.4  17.1  17.7  18.4  18.9  19.4  19.9  20.2  20.6  20.8  20.9 -1000 

-1000  21.9  21.8  21.5  21.2  20.8  20.3  19.7  19.1  18.5  17.8  17.1  16.3  15.6  14.7  13.9  13.1  12.2  11.4  10.5   9.6   8.7   7.8   6.9   6.0   5.0   4.1   3.2   2.2   1.3   0.3   0.3   1.3   2.2   3.2   4.1   5.0   6.0   6.9   7.8   8.7   9.6  10.5  11.4  12.2  13.1  13.9  14.7  15.6  16.3  17.1  17.8  18.5  19.1  19.7  20.3  20.8  21.2  21.5  21.8  21.9 -1000 

-1000  22.9  22.7  22.5  22.1  21.7  21.1  20.6  19.9  19.2  18.5  17.7  17.0  16.1  15.3  14.5  13.6  12.7  11.8  10.9  10.0   9.1   8.2   7.3   6.3   5.4   4.4   3.5   2.5   1.6   0.6   0.6   1.6   2.5   3.5   4.4   5.4   6.3   7.3   8.2   9.1  10.0  10.9  11.8  12.7  13.6  14.5  15.3  16.1  17.0  17.7  18.5  19.2  19.9  20.6  21.1  21.7  22.1  22.5  22.7  22.9 -1000 

-1000  23.9  23.7  23.4  23.0  22.5  22.0  21.3  20.6  19.9  19.1  18.4  17.5  16.7  15.8  15.0  14.1  13.2  12.3  11.3  10.4   9.5   8.5   7.6   6.7   5.7   4.8   3.8   2.8   1.9   0.9   0.9   1.9   2.8   3.8   4.8   5.7   6.7   7.6   8.5   9.5  10.4  11.3  12.3  13.2  14.1  15.0  15.8  16.7  17.5  18.4  19.1  19.9  20.6  21.3  22.0  22.5  23.0  23.4  23.7  23.9 -1000 

-1000  24.9  24.7  24.3  23.9  23.4  22.7  22.1  21.3  20.6  19.7  18.9  18.1  17.2  16.3  15.4  14.5  13.6  12.6  11.7  10.8   9.8   8.9   7.9   7.0   6.0   5.0   4.1   3.1   2.1   1.1   1.1   2.1   3.1   4.1   5.0   6.0   7.0   7.9   8.9   9.8  10.8  11.7  12.6  13.6  14.5  15.4  16.3  17.2  18.1  18.9  19.7  20.6  21.3  22.1  22.7  23.4  23.9  24.3  24.7  24.9 -1000 

-1000  25.9  25.6  25.2  24.7  24.1  23.5  22.7  22.0  21.1  20.3  19.4  18.5  17.6  16.7  15.8  14.9  13.9  13.0  12.0  11.1  10.1   9.1   8.2   7.2   6.2   5.3   4.3   3.3   2.3   1.4   1.4   2.3   3.3   4.3   5.3   6.2   7.2   8.2   9.1  10.1  11.1  12.0  13.0  13.9  14.9  15.8  16.7  17.6  18.5  19.4  20.3  21.1  22.0  22.7  23.5  24.1  24.7  25.2  25.6  25.9 -1000 

-1000  26.9  26.6  26.1  25.5  24.9  24.1  23.4  22.5  21.7  20.8  19.9  19.0  18.0  17.1  16.1  15.2  14.2  13.3  12.3  11.3  10.4   9.4   8.4   7.4   6.5   5.5   4.5   3.5   2.5   1.5   1.5   2.5   3.5   4.5   5.5   6.5   7.4   8.4   9.4  10.4  11.3  12.3  13.3  14.2  15.2  16.1  17.1  18.0  19.0  19.9  20.8  21.7  22.5  23.4  24.1  24.9  25.5  26.1  26.6  26.9 -1000 

-1000  27.8  27.5  27.0  26.3  25.5  24.7  23.9  23.0  22.1  21.2  20.2  19.3  18.4  17.4  16.4  15.5  14.5  13.5  12.5  11.6  10.6   9.6   8.6   7.6   6.6   5.6   4.7   3.7   2.7   1.7   1.7   2.7   3.7   4.7   5.6   6.6   7.6   8.6   9.6  10.6  11.6  12.5  13.5  14.5  15.5  16.4  17.4  18.4  19.3  20.2  21.2  22.1  23.0  23.9  24.7  25.5  26.3  27.0  27.5  27.8 -1000 

-1000  28.8  28.3  27.7  27.0  26.1  25.2  24.3  23.4  22.5  21.5  20.6  19.6  18.6  17.6  16.7  15.7  14.7  13.7  12.7  11.7  10.7   9.7   8.8   7.8   6.8   5.8   4.8   3.8   2.8   1.8   1.8   2.8   3.8   4.8   5.8   6.8   7.8   8.8   9.7  10.7  11.7  12.7  13.7  14.7  15.7  16.7  17.6  18.6  19.6  20.6  21.5  22.5  23.4  24.3  25.2  26.1  27.0  27.7  28.3  28.8 -1000 

-1000  29.7  29.1  28.3  27.5  26.6  25.6  24.7  23.7  22.7  21.8  20.8  19.8  18.8  17.8  16.8  15.8  14.8  13.8  12.8  11.9  10.9   9.9   8.9   7.9   6.9   5.9   4.9   3.9   2.9   1.9   1.9   2.9   3.9   4.9   5.9   6.9   7.9   8.9   9.9  10.9  11.9  12.8  13.8  14.8  15.8  16.8  17.8  18.8  19.8  20.8  21.8  22.7  23.7  24.7  25.6  26.6  27.5  28.3  29.1  29.7 -1000 

-1000  30.5  29.7  28.8  27.8  26.9  25.9  24.9  23.9  22.9  21.9  20.9  19.9  18.9  17.9  16.9  15.9  14.9  13.9  12.9  11.9  10.9   9.9   8.9   7.9   6.9   5.9   4.9   3.9   2.9   1.9   1.9   2.9   3.9   4.9   5.9   6.9   7.9   8.9   9.9  10.9  11.9  12.9  13.9  14.9  15.9  16.9  17.9  18.9  19.9  20.9  21.9  22.9  23.9  24.9  25.9  26.9  27.8  28.8  29.7  30.5 -1000 

 32.0  31.0  30.0  29.0  28.0  27.0  26.0  25.0  24.0  23.0  22.0  21.0  20.0  19.0  18.0  17.0  16.0  15.0  14.0  13.0  12.0  11.0  10.0   9.0   8.0   7.0   6.0   5.0   4.0   3.0   2.0   2.0   3.0   4.0   5.0   6.0   7.0   8.0   9.0  10.0  11.0  12.0  13.0  14.0  15.0  16.0  17.0  18.0  19.0  20.0  21.0  22.0  23.0  24.0  25.0  26.0  27.0  28.0  29.0  30.0  31.0  32.0 

-1000  30.5  29.7  28.8  27.8  26.9  25.9  24.9  23.9  22.9  21.9  20.9  19.9  18.9  17.9  16.9  15.9  14.9  13.9  12.9  11.9  10.9   9.9   8.9   7.9   6.9   5.9   4.9   3.9   2.9   1.9   1.9   2.9   3.9   4.9   5.9   6.9   7.9   8.9   9.9  10.9  11.9  12.9  13.9  14.9  15.9  16.9  17.9  18.9  19.9  20.9  21.9  22.9  23.9  24.9  25.9  26.9  27.8  28.8  29.7  30.5 -1000 

-1000  29.7  29.1  28.3  27.5  26.6  25.6  24.7  23.7  22.7  21.8  20.8  19.8  18.8  17.8  16.8  15.8  14.8  13.8  12.8  11.9  10.9   9.9   8.9   7.9   6.9   5.9   4.9   3.9   2.9   1.9   1.9   2.9   3.9   4.9   5.9   6.9   7.9   8.9   9.9  10.9  11.9  12.8  13.8  14.8  15.8  16.8  17.8  18.8  19.8  20.8  21.8  22.7  23.7  24.7  25.6  26.6  27.5  28.3  29.1  29.7 -1000 

-1000  28.8  28.3  27.7  27.0  26.1  25.2  24.3  23.4  22.5  21.5  20.6  19.6  18.6  17.6  16.7  15.7  14.7  13.7  12.7  11.7  10.7   9.7   8.8   7.8   6.8   5.8   4.8   3.8   2.8   1.8   1.8   2.8   3.8   4.8   5.8   6.8   7.8   8.8   9.7  10.7  11.7  12.7  13.7  14.7  15.7  16.7  17.6  18.6  19.6  20.6  21.5  22.5  23.4  24.3  25.2  26.1  27.0  27.7  28.3  28.8 -1000 

-1000 -1000 -1000 -1000 -1000 -1000 -1000 -1000 -1000 -1000 -1000 -1000 -1000 -1000 -1000 -1000 -1000 -1000 -1000 -1000 -1000 -1000 -1000 -1000 -1000 -1000 -1000 -1000 -1000 -1000 -1000 -1000 -1000 -1000 -1000 -1000 -1000 -1000 -1000 -1000 -1000 -1000 -1000 -1000 -1000 -1000 -1000 -1000 -1000 -1000 -1000 -1000 -1000 -1000 -1000 -1000 -1000 -1000 -1000 -1000 -1000 -1000 
